#=== VERTICES ===

#Num of vertices
231

#floor (0 - 3)
600.0 0.0 -300.0
0.0 0.0 -300.0
0.0 0.0 600.0
600.0 0.0 600.0

#ceiling (4 - 7)
600.0 400.0 -300.0
0.0 400 -300.0
0.0 400 600.0
600.0 400 600.0

#window1 (8-11)
0.01 320.0 120.0
0.01 80.0 120.0
0.01 80.0 240.0
0.01 320.0 240.0

#window2 (12-15)
0.01 320.0 360.0
0.01 80.0 360.0
0.01 80.0 480.0
0.01 320.0 480.0

#left-wall
#segment1bottom(16-17)
0.0 0.0 120.0
0.0 0.0 240.0

#segment1top(18-19)
0.0 400.0 120.0
0.0 400.0 240.0

#segment2bottom(20-21)
0.0 0.0 360.0
0.0 0.0 480.0

#segment2top(22-23)
0.0 400.0 360.0
0.0 400.0 480.0


#stairs(24-57)
400.0 0.0 0.0
600.0 0.0 0.0
400.0 20.0 0.0
600.0 20.0 0.0
400.0 0.0 -20.0
600.0 0.0 -20.0
400.0 20.0 -20.0
600.0 20.0 -20.0
400.0 40.0 -20.0
600.0 40.0 -20.0
400.0 0.0 -40.0
600.0 0.0 -40.0
400.0 40.0 -40.0
600.0 40.0 -40.0
400.0 60.0 -40.0
600.0 60.0 -40.0
400.0 0.0 -60.0
600.0 0.0 -60.0
400.0 60.0 -60.0
600.0 60.0 -60.0
400.0 80.0 -60.0
600.0 80.0 -60.0
400.0 0.0 -80.0
600.0 0.0 -80.0
400.0 80.0 -80.0
600.0 80.0 -80.0
400.0 100.0 -80.0
600.0 100.0 -80.0
400.0 0.0 -100.0
600.0 0.0 -100.0
400.0 100.0 -100.0
600.0 100.0 -100.0
400.0 100.0 -300.0
600.0 100.0 -300.0
400.0 0.0 -300.0
#doors(59-62)
450.0 100.0 -299.9
450.0 350.0 -299.9
550.0 350.0 -299.9
550.0 100.0 -299.9
#doorknob(63-70)
540.0 230.0 -299.9
540.0 220.0 -299.9
530.0 220.0 -299.9
530.0 230.0 -299.9
540.0 230.0 -290.9
540.0 220.0 -290.9
530.0 220.0 -290.9
530.0 230.0 -290.9

#bookshelf1(71-114)
##outer bookshelf(71-78)
10.0 390.0 -299.9 
190.0 390.0 -299.9
190.0 0.0 -299.9
10.0 0.0 -299.9
10.0 390.0 -249.9
190.0 390.0 -249.9
190.0 0.0 -249.9
10.0 0.0 -249.9
##inner bookshelf(79-86)
20.0 380.0 -299.9
180.0 380.0 -299.9
180.0 20.0 -299.9
20.0 20.0 -299.9
20.0 380.0 -249.9
180.0 380.0 -249.9
180.0 20.0 -249.9
20.0 20.0 -249.9
##front face(87-90)
20.0 390.0 -249.9
180.0 390.0 -249.9
180.0 0.0 -249.9
20.0 0.0 -249.9
##shelf1 (91-98)
20.0 110.0 -299.9
180.0 110.0 -299.9
180.0 100.0 -299.9
20.0 100.0 -299.9
20.0 110.0 -249.9
180.0 110.0 -249.9
180.0 100.0 -249.9
20.0 100.0 -249.9
##shelf2 (99-106)
20.0 200.0 -299.9
180.0 200.0 -299.9
180.0 190.0 -299.9
20.0 190.0 -299.9
20.0 200.0 -249.9
180.0 200.0 -249.9
180.0 190.0 -249.9
20.0 190.0 -249.9
##shelf3 (107-114)
20.0 290.0 -299.9
180.0 290.0 -299.9
180.0 280.0 -299.9
20.0 280.0 -299.9
20.0 290.0 -249.9
180.0 290.0 -249.9
180.0 280.0 -249.9
20.0 280.0 -249.9

#bookshelf2(115-158)
##outer bookshelf(115-122)
210.0 390.0 -299.9 
390.0 390.0 -299.9
390.0 0.0 -299.9
210.0 0.0 -299.9
210.0 390.0 -249.9
390.0 390.0 -249.9
390.0 0.0 -249.9
210.0 0.0 -249.9
##inner bookshelf(123-130)
220.0 380.0 -299.9
380.0 380.0 -299.9
380.0 20.0 -299.9
220.0 20.0 -299.9
220.0 380.0 -249.9
380.0 380.0 -249.9
380.0 20.0 -249.9
220.0 20.0 -249.9
##front face(131-134)
220.0 390.0 -249.9
380.0 390.0 -249.9
380.0 0.0 -249.9
220.0 0.0 -249.9
##shelf1 (135-142)
220.0 110.0 -299.9
380.0 110.0 -299.9
380.0 100.0 -299.9
220.0 100.0 -299.9
220.0 110.0 -249.9
380.0 110.0 -249.9
380.0 100.0 -249.9
220.0 100.0 -249.9
##shelf2 (143-150)
220.0 200.0 -299.9
380.0 200.0 -299.9
380.0 190.0 -299.9
220.0 190.0 -299.9
220.0 200.0 -249.9
380.0 200.0 -249.9
380.0 190.0 -249.9
220.0 190.0 -249.9
##shelf3 (151-158)
220.0 290.0 -299.9
380.0 290.0 -299.9
380.0 280.0 -299.9
220.0 280.0 -299.9
220.0 290.0 -249.9
380.0 290.0 -249.9
380.0 280.0 -249.9
220.0 280.0 -249.9

#table(159-166)
#top
100.0 100.0 0.0
300.0 100.0 0.0
300.0 100.0 200.0
100.0 100.0 200.0
#bottom
100.0 105.0 0.0
300.0 105.0 0.0
300.0 105.0 200.0
100.0 105.0 200.0
#leg1(167-174)
120.0 100.0 20.0
130.0 100.0 20.0
130.0 100.0 30.0
120.0 100.0 30.0

120.0 0.0 20.0
130.0 0.0 20.0
130.0 0.0 30.0
120.0 0.0 30.0

#leg2(175-182)
270.0 100.0 20.0
280.0 100.0 20.0
280.0 100.0 30.0
270.0 100.0 30.0

270.0 0.0 20.0
280.0 0.0 20.0
280.0 0.0 30.0
270.0 0.0 30.0

#leg3(183-190)
120.0 100.0 170.0
130.0 100.0 170.0
130.0 100.0 180.0
120.0 100.0 180.0

120.0 0.0 170.0
130.0 0.0 170.0
130.0 0.0 180.0
120.0 0.0 180.0

#leg4(191-198)
270.0 100.0 170.0
280.0 100.0 170.0
280.0 100.0 180.0
270.0 100.0 180.0

270.0 0.0 170.0
280.0 0.0 170.0
280.0 0.0 180.0
270.0 0.0 180.0

#sofa
#bottom(199-206)
300.0 0.0 270.0
300.0 0.0 460.0
400.0 0.0 460.0
400.0 0.0 270.0

300.0 75.0 270.0
300.0 75.0 460.0
400.0 75.0 460.0
400.0 75.0 270.0
#arm1(207-214)
300.0 0.0 250.0
300.0 0.0 270.0
400.0 0.0 270.0
400.0 0.0 250.0
300.0 90.0 250.0
300.0 90.0 270.0
400.0 90.0 270.0
400.0 90.0 250.0
#arm2(215-222)
300.0 0.0 460.0
300.0 0.0 480.0
400.0 0.0 480.0
400.0 0.0 460.0
300.0 90.0 460.0
300.0 90.0 480.0
400.0 90.0 480.0
400.0 90.0 460.0
#back(223-230)
400.0 0.0 480.0
440.0 0.0 480.0
440.0 0.0 250.0
400.0 0.0 250.0

400.0 120.0 480.0
440.0 120.0 480.0
440.0 120.0 250.0
400.0 120.0 250.0
#=== MATERIALS ===

#Number of materials
9

#Each material is specified by two lines.
#First line is the RGB reflectivity.
#Second line is the RGB emission.
#The first material has index 0.


# 0 light
0.90 0.90 0.90
160.0 160.0 160.0

# 1 white
0.80 0.85 0.80
0.0 0.0 0.0

# 2 brown
0.647059 0.164706 0.164706
0.0 0.0 0.0

# 3 lamp light
1.0 1.0 1.0
80.0 80.0 80.0

# 4 medium wood
0.65 0.50 0.39
0.0 0.0 0.0

# 5 Very Dark Brown 
0.35 0.16 0.14
0.0 0.0 0.0

# 6 light blue
0.3 0.6 1.0
0.0 0.0 0.0


# 7 yellow
0.719 0.523 0.043
0.0 0.0 0.0

# 8 green
0.0 0.7 0.0
0.0 0.0 0.0


#=== SURFACES ===

#Number of surfaces
12


#floor (white)
1
1
0 1 2 3

#ceiling
1
1
4 7 6 5

#left wall
6
1
5 6 2 1

#window1
0
2
10 9 8 11
14 13 12 15

#walls
6
3
3 7 4 0
3 2 6 7
0 4 5 1

#stairs1
4
17
25 27 26 24
24 26 30 28
27 31 30 26
#
31 33 32 30
28 32 36 34
33 37 36 32
##
37 39 38 36
34 38 42 40
39 43 42 38
###
43 45 44 42
40 44 48 46
45 49 48 44
####
49 51 50 48
46 50 54 52
51 55 54 50
#platform#
55 57 56 54
58 52 54 56

#doors
5
1
59 62 61 60

#doorknob
7
4
63 66 70 67
70 66 65 69
64 68 69 65
67 70 69 68

#bookshelf1
2
21
##outer bookshelf
71 74 73 72
71 75 76 72
72 76 77 73
71 74 78 75
##inner bookshelf
79 80 84 83
80 81 85 84
81 82 86 85
79 83 86 82
##front face
75 78 90 87
87 83 84 88
88 89 77 76
86 90 89 85
##shelf1
91 95 96 92
94 93 97 98
95 98 97 96
##shelf2
99 103 104 100
102 101 105 106
103 106 105 104
##shelf3
107 111 112 108
110 109 113 114
111 114 113 112

#bookshelf2
2
21
##outer bookshelf
115 118 117 116
115 119 120 116
116 120 121 117
115 118 122 119
##inner bookshelf
123 124 128 127
124 125 129 128
125 126 130 129
123 127 130 126
##front face
119 122 134 131
131 127 128 132
132 133 121 120
130 134 133 129
##shelf1
135 139 140 136
138 137 141 142
139 142 141 140
##shelf2
143 147 148 144
146 145 149 150
147 150 149 148
##shelf3
151 155 156 152
154 153 157 158
155 158 157 156

#table
2
22
#top
159 160 161 162
163 166 165 164
163 164 160 159
166 163 159 162
166 162 161 165
165 161 160 164
#leg1
171 167 168 172
173 172 168 169
173 169 170 174
174 170 167 171
#leg2
179 175 176 180
181 180 176 177
181 177 178 182
182 178 175 179
#leg3
187 183 184 188
189 188 184 185
189 185 186 190
190 186 183 187
#leg4
195 191 192 196
197 196 192 193
197 193 194 198
198 194 191 195

#sofa
8
15
#bottom
203 204 205 206
203 199 200 204
#arm1
211 214 210 207
212 213 214 211
212 211 207 208
212 208 209 213
#arm2
219 222 218 215
220 221 222 219
220 219 215 216
220 216 217 221
#back
230 226 223 227
223 224 228 227
226 230 229 225
230 227 228 229
229 228 224 225
#End of file.